[gd_scene load_steps=7 format=3 uid="uid://byh5vtj6284ih"]

[sub_resource type="PhysicsMaterial" id="PhysicsMaterial_sgp6g"]

[sub_resource type="Animation" id="Animation_o5qli"]
resource_name = "move"
length = 5.0
loop_mode = 2
tracks/0/type = "position_3d"
tracks/0/imported = false
tracks/0/enabled = false
tracks/0/path = NodePath(".")
tracks/0/interp = 1
tracks/0/loop_wrap = true
tracks/0/keys = PackedFloat32Array()
tracks/1/type = "value"
tracks/1/imported = false
tracks/1/enabled = true
tracks/1/path = NodePath(".:position")
tracks/1/interp = 1
tracks/1/loop_wrap = true
tracks/1/keys = {
"times": PackedFloat32Array(0, 5),
"transitions": PackedFloat32Array(1, 1),
"update": 0,
"values": [Vector3(0.37583, 0.643998, -1.43229), Vector3(0.670908, 1.11825, -2.70025)]
}

[sub_resource type="Animation" id="Animation_0wfyh"]
length = 0.001
tracks/0/type = "value"
tracks/0/imported = false
tracks/0/enabled = true
tracks/0/path = NodePath(".:position")
tracks/0/interp = 1
tracks/0/loop_wrap = true
tracks/0/keys = {
"times": PackedFloat32Array(0),
"transitions": PackedFloat32Array(1),
"update": 0,
"values": [Vector3(0.518201, 0.794359, -1.71164)]
}

[sub_resource type="AnimationLibrary" id="AnimationLibrary_sugp2"]
_data = {
&"RESET": SubResource("Animation_0wfyh"),
&"move": SubResource("Animation_o5qli")
}

[sub_resource type="BoxMesh" id="BoxMesh_jyhfs"]
size = Vector3(1, 0.25, 1)

[sub_resource type="ConcavePolygonShape3D" id="ConcavePolygonShape3D_tbgi4"]
data = PackedVector3Array(-0.5, 0.125, 0.5, 0.5, 0.125, 0.5, -0.5, -0.125, 0.5, 0.5, 0.125, 0.5, 0.5, -0.125, 0.5, -0.5, -0.125, 0.5, 0.5, 0.125, -0.5, -0.5, 0.125, -0.5, 0.5, -0.125, -0.5, -0.5, 0.125, -0.5, -0.5, -0.125, -0.5, 0.5, -0.125, -0.5, 0.5, 0.125, 0.5, 0.5, 0.125, -0.5, 0.5, -0.125, 0.5, 0.5, 0.125, -0.5, 0.5, -0.125, -0.5, 0.5, -0.125, 0.5, -0.5, 0.125, -0.5, -0.5, 0.125, 0.5, -0.5, -0.125, -0.5, -0.5, 0.125, 0.5, -0.5, -0.125, 0.5, -0.5, -0.125, -0.5, 0.5, 0.125, 0.5, -0.5, 0.125, 0.5, 0.5, 0.125, -0.5, -0.5, 0.125, 0.5, -0.5, 0.125, -0.5, 0.5, 0.125, -0.5, -0.5, -0.125, 0.5, 0.5, -0.125, 0.5, -0.5, -0.125, -0.5, 0.5, -0.125, 0.5, 0.5, -0.125, -0.5, -0.5, -0.125, -0.5)

[node name="Node3D" type="Node3D"]
transform = Transform3D(1, 0, 0, 0, 0.962218, 0.27228, 0, -0.27228, 0.962218, 0, 0.589553, 1.84788)

[node name="Camera3D" type="Camera3D" parent="."]

[node name="AnimatableBody3D" type="AnimatableBody3D" parent="."]
transform = Transform3D(1, 0, 0, 0, 0.973896, -0.226991, 0, 0.226991, 0.973896, 0.518201, 0.794359, -1.71164)
physics_material_override = SubResource("PhysicsMaterial_sgp6g")

[node name="AnimationPlayer" type="AnimationPlayer" parent="AnimatableBody3D"]
libraries = {
&"": SubResource("AnimationLibrary_sugp2")
}
autoplay = "move"

[node name="MeshInstance3D" type="MeshInstance3D" parent="AnimatableBody3D"]
transform = Transform3D(1, 0, 0, 0, 0.999015, -0.0443691, 0, 0.0443691, 0.999015, 0, -0.408689, -0.0887426)
mesh = SubResource("BoxMesh_jyhfs")
skeleton = NodePath("")

[node name="CollisionShape3D" type="CollisionShape3D" parent="AnimatableBody3D"]
transform = Transform3D(1, 0, 0, 0, 0.999015, -0.0443691, 0, 0.0443691, 0.999015, 0, -0.408689, -0.0887426)
shape = SubResource("ConcavePolygonShape3D_tbgi4")
